offset: [0, 0, 0]
point_size: 0.00999999978
compress_factor: 0.00999999978
min_: [3.4028234663852886e+38, 3.4028234663852886e+38, 3.4028234663852886e+38]
max_: [-3.4028234663852886e+38, -3.4028234663852886e+38, -3.4028234663852886e+38]